-1000          -1000          -1000          90.0           -1000          -1000          -1000          90.0           -1000          -1000          -1000          90.0           -1000          -1000          -1000          
-1000          -1000          90.0           90.0           90.0           -1000          90.0           90.0           90.0           -1000          90.0           90.0           90.0           -1000          -1000          
-1000          90.0           90.0           90.0           90.0           1190.0         90.0           90.0           90.0           180.0          90.0           90.0           90.0           90.0           -1000          
-1000          -1000          500.0          400.0          90.0           490.0          180.0          90.0           49090.0        490.0          1100.0         400.0          90.0           -1000          -1000          
-1000          -1000          -1000          9090.0         800.0          890.0          680.0          -1000          100590.0       890.0          800.0          180.0          -1000          -1000          -1000          
-1000          -1000          90.0           90.0           11100.0        1090.0         -1000          -1000          -1000          1100.0         180.0          90.0           90.0           -1000          -1000          
-1000          90.0           90.0           90.0           90.0           -1000          -1000          -1000          -1000          -1000          100.0          90.0           90.0           90.0           -1000          
-1000          -1000          90.0           400.0          1600.0         1100.0         -1000          1290.0         -1000          1100.0         500.0          400.0          90.0           -1000          -1000          
-1000          -1000          -1000          1100.0         90.0           500.0          500.0          10190.0        100400.0       1600.0         90.0           90.0           -1000          -1000          -1000          
-1000          -1000          800.0          90.0           90.0           800.0          180.0          90.0           58000.0        800.0          1100.0         90.0           90.0           -1000          -1000          
-1000          100.0          90.0           90.0           90.0           180.0          90.0           90.0           1200.0         890.0          90.0           800.0          90.0           90.0           -1000          
-1000          -1000          90.0           -1000          90.0           -1000          90.0           -1000          100.0          -1000          100.0          -1000          100.0          -1000          -1000          
-1000          -1000          -1000          -1000          -1000          -1000          -1000          -1000          -1000          -1000          -1000          -1000          -1000          -1000          -1000          
-1000          -1000          -1000          -1000          -1000          -1000          -1000          -1000          -1000          -1000          -1000          -1000          -1000          -1000          -1000          
-1000          -1000          -1000          -1000          -1000          -1000          -1000          -1000          -1000          -1000          -1000          -1000          -1000          -1000          -1000          

